t0
30 26 37 16
9 8 4 11
44 14 41 18
36 36 18 21
11 4 1 27
28 16 32 27
3 4 11 40
25 14 7 22
24 3 15 31
12 24 15 10
6 37 25 49
5 34 44 24
47 9 41 2
13 23 41 47
27 42 41 48
4 13 46 4
25 38 15 7
17 28 11 36
8 43 37 38
23 46 4 22
37 45 9 36
9 32 16 37
9 3 26 39
7 16 16 0
16 22 1 14
35 3 6 29
15 2 32 7
9 9 47 18
5 4 8 11
22 38 24 37
13 46 31 19
16 11 44 14
42 17 11 13
13 19 47 22
35 12 7 43
4 20 32 17
33 43 3 18
25 42 39 18
36 23 23 48
20 5 42 20
12 22 20 47
14 13 4 27
28 38 16 35
48 38 9 29
12 2 45 24
28 19 47 23
31 29 49 12
20 21 15 19
28 23 46 20
0 45 25 0
14 14 16 41
24 6 19 10
14 6 43 18
13 20 31 11
40 18 26 49
30 20 35 30
11 44 32 31
13 19 18 16
27 31 46 21
17 41 18 40
9 47 19 40
41 2 42 25
43 8 10 8
29 15 38 39
2 23 43 45
23 4 38 42
17 29 9 28
21 22 21 22
39 33 8 6
27 33 36 18
0 25 32 49
12 15 25 22
17 47 7 26
23 0 25 10
42 29 6 31
29 19 44 21
43 30 3 45
27 32 20 40
24 17 21 35
38 20 26 44
48 46 39 48
37 5 23 32
19 3 45 18
12 21 36 31
34 15 35 0
4 41 48 35
33 13 22 11
31 32 44 19
31 9 21 26
19 42 44 36
4 10 5 34
32 22 28 25
19 17 45 36
1 23 30 13
49 7 20 35
24 19 28 28
28 6 38 17
32 28 48 27
35 8 47 22
48 45 22 37
8 20 14 1
37 40 6 14
15 34 7 34
18 1 11 36
32 46 24 49
7 39 34 22
9 23 14 38
47 24 30 9
10 16 0 13
21 11 3 20
1 16 4 14
21 39 48 49
21 9 47 14
27 44 13 9
13 1 5 38
26 20 25 10
10 8 14 37
45 1 23 25
11 49 16 4
47 42 31 3
2 38 24 41
5 19 39 38
46 29 46 1
0 4 35 36
26 11 37 36
11 41 32 26
37 34 2 43
7 25 17 18
37 11 3 31
25 25 13 30
42 19 48 24
5 25 32 32
22 23 16 26
28 24 48 37
38 5 25 8
19 39 2 31
22 44 36 30
29 35 16 11
34 14 22 43
35 40 38 24
45 15 33 37
24 33 45 34
16 43 24 30
41 7 38 32
42 3 34 7
26 6 2 27
23 38 29 1
7 20 15 34
26 10 35 44
23 4 14 2
15 23 7 7
21 23 35 27
29 34 32 11
37 46 6 30
29 14 16 16
32 30 23 37
21 28 16 48
45 9 17 12
0 25 9 45
33 2 40 20
47 0 10 8
9 20 39 46
3 14 24 1
3 43 8 40
32 18 44 17
17 26 30 34
37 14 43 14
36 11 39 25
34 39 15 24
37 40 35 49
28 36 0 49
33 4 17 45
35 10 33 48
26 29 3 36
43 13 4 13
4 43 45 12
11 34 38 28
25 20 30 37
19 18 32 6
30 0 38 44
22 42 32 16
41 33 8 38
18 46 5 6
25 14 23 26
4 0 0 17
22 47 4 12
10 20 24 3
44 18 5 44
21 19 5 11
16 31 33 25
26 27 30 26
34 12 30 11
43 23 28 41
47 9 43 48
5 34 4 2
20 7 11 29
2 1 33 9
2 4 30 26
35 20 24 30
20 14 49 19
5 43 5 43
40 20 28 23
11 44 21 27
26 42 49 44
48 11 36 23
26 12 24 11
25 49 40 0
45 8 46 25
44 4 10 20
42 23 27 43
18 34 21 11
30 35 29 17
17 11 13 44
0 12 37 32
39 17 11 22
8 38 2 23
12 18 13 4
6 45 36 15
38 40 21 43
34 33 28 12
20 43 35 12
24 28 47 8
8 33 8 15
14 36 43 25
30 9 33 21
44 41 1 27
15 49 46 18
43 35 0 10
29 37 28 28
41 5 33 36
28 5 1 0
27 4 33 48
24 37 37 20
47 34 47 25
21 38 31 34
26 42 37 28
30 7 1 39
25 1 5 0
40 20 15 3
48 9 2 1
36 26 9 24
0 42 2 34
4 15 27 9
38 12 22 14
11 28 49 25
24 1 2 12
35 9 37 11
12 33 1 8
45 28 7 47
45 4 45 47
6 3 19 38
21 14 49 20
40 12 23 0
23 12 40 40
48 48 10 2
14 4 10 37
39 13 34 44
23 38 41 32
40 22 17 48
48 22 28 15
48 8 22 17
35 41 27 29
29 36 1 41
9 13 27 7
32 17 8 24
49 7 17 33
27 3 24 26
48 25 47 25
12 26 34 41
0 5 27 4
6 9 26 29
37 4 46 5
16 19 48 43
9 10 34 29
16 28 13 30
17 18 40 12
0 34 24 24
1 11 35 19
23 29 18 38
12 32 23 31
0 5 41 11
42 32 14 24
18 26 12 16
20 0 1 13
2 48 44 44
20 24 5 24
21 29 4 49
9 17 37 7
44 30 39 23
13 19 36 10
25 47 48 18
30 22 40 35
36 17 12 44
16 15 44 4
45 13 15 2
43 24 28 2
36 10 41 18
44 10 14 14
29 13 11 23
5 30 20 20
24 23 8 7
34 37 4 15
42 2 48 29
7 43 28 38
47 14 38 8
48 6 32 11
24 28 4 3
42 4 49 44
19 33 38 48
16 29 35 41
30 18 42 33
6 29 43 47
41 30 13 15
32 32 4 13
42 12 43 6
30 11 19 40
23 34 47 7
39 0 42 24
24 45 20 43
34 25 1 14
10 38 31 8
31 35 5 38
27 13 22 40
38 23 15 20
19 42 29 30
26 0 15 28
17 15 14 38
10 8 4 28
15 8 17 34
31 38 21 47
21 31 32 28
32 34 43 0
3 45 31 10
8 6 32 0
17 48 11 30
7 35 18 9
48 46 36 39
8 22 10 16
33 8 1 36
34 27 38 43
15 19 30 46
25 8 17 13
8 0 8 11
37 23 44 41
13 24 34 4
8 12 6 22
9 10 24 43
20 14 1 48
30 16 27 5
24 9 4 4
46 20 21 32
22 5 32 1
5 0 36 0
18 43 7 23
5 1 31 23
9 24 16 5
38 34 4 39
0 11 1 32
41 12 25 18
37 38 34 17
22 30 33 29
36 34 22 23
46 12 44 27
19 35 19 34
41 23 14 34
31 25 34 3
20 3 9 34
22 31 41 37
40 22 42 18
6 44 5 25
29 11 8 12
36 9 35 20
47 35 5 37
46 25 10 47
29 37 14 38
29 23 22 38
40 16 49 49
11 14 33 41
37 11 13 36
1 13 46 11
14 48 45 15
2 15 39 15
9 46 35 20
32 35 25 9
6 20 39 8
10 23 31 30
46 34 4 46
45 7 21 6
47 25 42 16
47 38 3 47
12 7 3 39
17 23 1 20
8 22 34 49
44 15 44 37
5 7 25 18
49 23 41 29
5 25 45 38
16 7 41 25
10 40 37 42
4 46 30 37
13 6 30 40
36 25 49 2
1 16 45 18
11 28 35 20
44 30 44 16
40 21 44 24
12 26 11 37
21 42 23 15
37 33 5 29
6 1 12 17
30 46 27 37
20 19 0 28
40 3 47 5
37 15 36 45
46 22 8 44
32 26 26 22
14 41 8 21
33 24 48 34
5 26 19 12
3 27 42 10
29 14 37 33
36 18 48 40
2 42 43 44
9 34 40 3
10 9 25 49
38 0 7 12
19 6 46 18
28 5 6 48
35 12 13 17
22 27 14 15
20 40 43 12
12 39 16 4
19 30 21 40
41 14 35 36
43 0 23 45
6 39 2 42
17 5 31 16
46 28 2 32
7 6 29 6
5 15 46 19
20 6 22 26
24 19 41 16
35 46 17 45
36 22 48 3
5 16 41 28
40 9 23 42
37 18 39 27
35 44 26 45
48 44 18 17
38 18 2 44
25 42 37 22
27 20 0 13
49 39 43 17
29 15 35 6
42 4 2 28
2 29 35 31
19 39 44 47
25 35 16 3
30 4 2 28
13 40 42 15
8 40 22 16
32 8 13 12
29 4 15 27
32 37 29 9
3 43 44 41
5 36 46 25
12 40 11 13
1 47 15 49
12 15 29 30
3 31 12 12
28 4 3 36
44 31 33 33
14 22 11 0
34 34 22 42
1 36 36 28
5 27 17 1
44 48 8 5
19 32 13 13
41 14 43 48
29 32 13 8
14 10 13 29
16 44 8 5
43 42 6 31
26 43 30 4
12 13 1 6
11 40 35 10
6 13 29 16
13 29 13 6
42 49 37 4
25 24 5 29
6 39 22 49
7 11 18 45
48 4 7 6
37 39 8 27
2 48 38 6
25 11 37 29
37 13 18 37
21 10 13 14
36 4 8 33
34 43 14 32
21 23 34 19
0 14 1 32
38 43 31 17
24 0 14 28
2 22 2 10
36 3 6 36
39 47 7 35
15 22 14 15
37 18 25 23
7 30 42 15
29 13 21 12
13 46 13 42
11 9 34 9
2 24 44 26
40 37 45 20
10 47 21 11
24 33 1 13
24 36 33 17
47 42 25 11
7 48 34 11
0 3 15 18
47 46 39 12
14 48 44 40
27 45 32 42
24 43 22 26
16 10 20 39
14 10 25 24
46 12 47 49
43 28 8 48
37 35 3 39
18 22 18 13
30 19 40 26
39 48 9 28
44 20 22 43
26 38 10 12
20 43 10 45
45 11 4 5
36 2 4 12
27 1 49 5
15 14 30 22
26 25 41 13
44 26 27 35
12 34 35 48
28 31 39 26
37 8 34 44
42 49 1 32
13 38 4 46
20 3 18 35
44 32 7 42
1 46 22 44
19 49 17 18
45 13 47 47
40 2 44 6
27 45 0 22
14 19 35 40
47 1 11 25
16 46 40 18
24 35 14 36
48 41 27 15
40 27 48 41
0 47 11 25
38 6 13 17
6 13 11 38
48 3 39 26
18 19 1 2
49 42 18 9
3 48 40 11
38 4 18 39
35 46 32 18
31 7 11 3
23 26 45 39
47 42 24 15
6 39 41 2
5 14 47 36
36 18 25 41
33 37 27 23
47 23 2 14
36 47 26 40
17 10 46 25
18 25 14 46
48 26 28 2
49 0 3 36
31 47 26 8
0 47 23 21
45 30 46 9
12 49 39 6
16 49 9 28
30 40 48 33
17 49 37 29
20 21 1 41
6 23 14 46
12 31 3 5
39 7 14 35
22 4 23 32
33 8 0 16
45 34 46 41
36 27 5 46
21 39 11 45
8 34 10 2
47 40 11 19
47 2 29 1
47 15 18 35
12 7 8 9
37 19 24 43
46 46 16 36
40 21 45 45
46 31 26 32
3 7 41 17
10 17 30 12
15 11 14 4
33 19 0 33
13 8 42 11
35 16 31 27
27 34 26 13
0 42 41 26
5 45 13 37
42 10 30 2
33 39 20 36
3 32 1 37
6 3 10 45
3 39 4 29
7 13 20 14
14 4 32 27
19 41 49 8
19 11 18 1
36 10 34 20
43 36 10 4
25 33 43 26
38 27 49 39
37 12 40 9
26 1 0 30
11 40 36 28
3 12 25 10
12 18 46 33
28 27 11 26
18 47 30 48
49 19 43 40
8 40 31 40
42 7 46 39
49 49 16 9
19 5 35 6
26 31 6 10
26 36 3 21
43 36 25 46
32 42 25 24
35 13 35 7
13 39 39 13
23 46 31 28
3 0 13 19
3 42 14 44
20 21 32 17
6 37 19 41
23 2 23 27
0 48 4 40
31 9 42 29
49 10 45 28
21 48 12 38
8 37 16 18
31 39 46 16
12 41 44 22
11 36 44 4
25 42 17 44
42 6 23 19
15 1 6 45
32 27 23 10
1 40 4 46
49 35 43 48
19 47 41 6
44 0 39 28
1 8 10 41
37 15 33 26
3 10 4 47
46 6 35 3
16 17 41 1
47 43 49 38
14 30 18 42
6 41 15 5
47 17 19 5
38 48 3 10
43 13 10 12
12 5 34 15
36 43 43 11
42 27 37 2
1 21 8 21
17 29 37 30
30 3 2 10
18 41 20 39
1 41 4 35
10 27 43 1
34 8 6 44
17 13 17 47
35 31 44 48
28 35 26 16
7 4 15 8
43 8 27 27
11 9 42 11
26 12 7 40
3 4 19 47
12 31 48 2
41 41 21 24
10 13 48 31
34 29 48 1
15 41 40 2
9 10 14 24
2 42 3 16
10 20 39 30
41 31 27 29
29 7 6 17
17 31 36 39
34 18 48 24
24 28 42 34
44 8 42 8
14 15 30 16
39 25 32 8
37 19 22 25
26 44 13 8
31 15 14 9
4 5 45 17
22 31 42 36
27 19 7 40
47 44 24 7
7 28 47 40
46 15 4 19
15 0 17 39
14 29 8 20
22 47 19 26
32 20 27 13
44 10 25 31
38 0 20 29
21 12 44 14
20 25 24 39
1 18 26 12
28 13 48 44
25 0 44 36
37 5 6 47
44 6 12 10
47 35 5 22
49 22 2 40
13 46 27 19
20 12 48 42
31 31 16 24
12 39 32 23
19 43 13 32
1 27 18 44
32 19 2 5
36 29 47 34
5 25 6 26
17 33 15 30
4 9 24 15
11 17 24 45
5 37 47 48
6 41 31 20
39 23 26 1
49 18 38 11
41 10 30 13
43 29 5 32
0 33 9 41
13 31 14 12
32 7 13 7
30 45 43 2
4 44 29 10
44 22 44 26
0 40 12 4
6 20 13 34
33 33 30 0
29 41 46 30
1 10 16 25
8 36 15 43
42 26 16 29
22 49 13 7
30 48 22 11
31 5 23 41
23 1 45 43
11 9 48 21
14 16 43 3
49 5 37 39
17 46 39 19
16 0 41 2
11 40 19 21
47 24 45 11
46 21 12 45
30 6 2 0
45 1 12 10
31 34 7 22
4 17 28 10
48 35 31 13
21 29 28 25
16 25 23 5
36 40 26 2
9 33 42 27
0 46 36 14
48 18 22 8
47 15 49 30
31 27 48 43
4 17 8 1
35 13 27 49
32 44 13 34
24 19 37 2
4 35 24 45
7 31 39 22
12 1 30 42
46 4 28 29
25 16 29 4
7 19 26 27
41 48 6 34
16 11 1 45
14 21 45 0
29 18 38 39
10 23 34 17
44 43 4 35
19 20 34 17
4 49 14 10
39 18 4 45
40 37 40 11
41 44 16 42
37 39 8 43
22 20 1 17
33 46 20 47
6 17 23 30
13 40 41 26
42 9 1 38
9 43 32 7
29 16 20 36
12 23 39 5
29 10 8 16
49 23 43 8
32 3 28 3
29 20 3 40
6 1 22 43
35 28 31 21
37 45 34 26
30 45 41 41
0 16 44 25
2 45 15 13
11 34 39 17
14 2 8 36
5 28 29 6
46 27 16 22
40 45 42 14
4 46 5 9
46 26 13 1
15 16 5 48
15 34 35 19
25 45 22 10
40 30 42 42
24 25 15 14
22 26 19 9
42 35 47 20
4 8 16 23
16 14 40 35
19 33 34 44
41 44 46 26
19 31 40 4
10 32 6 49
5 8 28 32
19 31 8 20
13 48 27 45
45 42 18 22
21 15 41 20
17 33 4 10
18 41 46 1
20 7 15 24
7 44 49 13
40 35 13 28
26 34 16 17
15 7 15 16
37 10 24 35
35 35 30 21
24 44 24 45
40 12 26 13
34 38 33 16
19 48 3 28
19 32 42 22
23 1 36 44
10 20 38 4
27 1 47 10
45 44 1 42
29 30 42 33
5 39 21 22
22 13 23 24
36 46 30 7
20 20 15 30
46 2 8 47
3 12 18 0
5 13 32 47
2 25 25 9
18 27 38 32
17 1 23 24
21 20 32 48
43 35 6 42
19 40 28 9
4 12 23 22
23 45 20 27
14 30 2 12
36 14 11 33
2 37 32 42
48 32 49 41
38 32 21 35
48 19 23 41
46 13 49 40
47 2 0 34
38 16 22 49
25 7 21 37
0 47 34 17
33 15 8 0
49 25 14 45
1 37 12 29
45 20 46 4
41 15 5 0
28 30 40 33
11 14 45 22
0 8 13 44
44 37 44 41
17 37 1 32
0 23 40 38
42 37 44 43
40 43 33 16
32 41 29 36
21 36 15 7
45 22 13 36
40 3 22 34
19 32 36 18
32 29 12 41
2 40 20 33
22 32 37 41
45 22 23 44
23 34 16 25
12 38 3 3
13 3 49 24
36 47 34 41
37 1 0 16
0 15 24 48
23 9 26 17
13 6 5 35
29 22 21 25
15 48 23 32
11 6 37 34
43 0 15 37
19 11 45 43
13 4 35 35
24 16 49 37
16 42 11 1
5 22 45 29
24 19 24 24
3 26 23 11
46 7 25 41
25 8 30 49
19 24 48 38
13 39 17 28
4 49 28 16
33 18 27 23
13 28 25 4
33 40 4 47
32 33 25 33
35 9 16 13
5 11 29 39
24 8 26 42
28 35 16 20
46 16 25 33
44 12 3 27
25 7 1 12
16 30 0 23
9 23 16 15
11 43 0 28
12 30 17 9
3 7 16 16
11 22 46 6
45 19 19 12
6 37 11 12
10 32 30 7
49 37 17 10
40 21 8 21
43 29 19 48
32 3 45 36
22 22 39 13
2 41 25 16
42 46 28 20
13 24 42 48
46 1 26 18
43 49 49 46
25 44 5 26
3 18 15 0
5 16 19 15
42 25 30 44
45 16 43 27
10 29 24 39
37 25 45 13
40 8 41 5
2 27 14 5
39 36 32 23
30 18 47 45
11 30 26 35
42 19 40 24
17 4 13 30
31 19 11 23
31 34 12 39
37 30 34 16
49 16 48 41
39 15 15 13
13 22 35 1
